1
1
2
3
5
8
13
21
34
55
89
144
233
377
610
987
1597
2584
4181
6765
10946
17711
28657
46368
75025
121393
196418
317811
514229
832040
1346269
2178309
3524578
5702887
9227465
14930352
24157817
39088169
63245986
102334155
165580141
267914296
433494437
701408733
1134903170
1836311903
-1323752223
512559680
-811192543
-298632863
-1109825406
-1408458269
1776683621
368225352
2144908973
-1781832971
363076002
-1418756969
-1055680967
1820529360
764848393
-1709589543
-944741150
1640636603
695895453
-1958435240
-1262539787
1073992269
-188547518
885444751
696897233
1582341984
-2015728079
-433386095
1845853122
1412467027
-1036647147
375819880
-660827267
-285007387
-945834654
-1230842041
2118290601
887448560
-1289228135
-401779575
-1691007710
-2092787285
511172301
-1581614984
-1070442683
1642909629
572466946
-2079590721
-1507123775
708252800
-798870975
-90618175
-889489150
-980107325
-1869596475
1445263496
-424332979
1020930517
596597538
1617528055
-2080841703
-463313648
1750811945
1287498297
-1256657054
30841243
-1225815811
-1194974568
1874176917
679202349
-1741588030
-1062385681
1490993585
428607904
1919601489
-1946757903
-27156414
-1973914317
-2001070731
319982248
-1681088483
-1361106235
1252772578
-108333657
1144438921
1036105264
-2114423111
-1078317847
1102226338
23908491
1126134829
1150043320
-2018789147
-868745827
1407432322
538686495
1946118817
-1810161984
135956833
-1674205151
-1538248318
1082513827
-455734491
626779336
171044845
797824181
968869026
1766693207
-1559405063
207288144
-1352116919
-1144828775
1798021602
653192827
-1843752867
-1190560040
1260654389
70094349
1330748738
1400843087
-1563375471
-162532384
-1725907855
-1888440239
680619202
-1207821037
-527201835
-1735022872
2032742589
297719717
-1964504990
-1666785273
663677033
-1003108240
-339431207
-1342539447
-1681970654
1270457195
-411513459
858943736
447430277
1306374013
1753804290
-1234788993
519015297
-715773696
-196758399
-912532095
-1109290494
-2021822589
1163854213
-857968376
305885837
-552082539
-246196702
-798279241
-1044475943
-1842755184
1407736169
-435019015
972717154
537698139
1510415293
2048113432
-736438571
1311674861
575236290
1886911151
-1832819855
54091296
-1778728559
-1724637263
791601474
-933035789
-141434315
-1074470104
-1215904419
2004592773
788688354
-1501686169
-712997815
2080283312
1367285497
-847398487
519887010
-327511477
192375533
-135135944
57239589
-77896355
-20656766
-98553121
-119209887
-217763008
-336972895
-554735903
-891708798
-1446444701
1956813797
510369096
-1827784403
-1317415307
1149767586
-167647721
-1
-1
-2
-3
-5
-8
-13
-21
-34
-55
-89
-144
-233
-377
-610
-987
-1597
-2584
-4181
-6765
-10946
-17711
-28657
-46368
-75025
-121393
-196418
-317811
-514229
-832040
-1346269
-2178309
-3524578
-5702887
-9227465
-14930352
-24157817
-39088169
-63245986
-102334155
-165580141
-267914296
-433494437
-701408733
-1134903170
-1836311903
1323752223
-512559680
811192543
298632863
1109825406
1408458269
-1776683621
-368225352
-2144908973
1781832971
-363076002
1418756969
1055680967
-1820529360
-764848393
1709589543
944741150
-1640636603
-695895453
1958435240
1262539787
-1073992269
188547518
-885444751
-696897233
-1582341984
2015728079
433386095
-1845853122
-1412467027
1036647147
-375819880
660827267
285007387
945834654
1230842041
-2118290601
-887448560
1289228135
401779575
1691007710
2092787285
-511172301
1581614984
1070442683
-1642909629
-572466946
2079590721
1507123775
-708252800
798870975
90618175
889489150
980107325
1869596475
-1445263496
424332979
-1020930517
-596597538
-1617528055
2080841703
463313648
-1750811945
-1287498297
1256657054
-30841243
1225815811
1194974568
-1874176917
-679202349
1741588030
1062385681
-1490993585
-428607904
-1919601489
1946757903
27156414
1973914317
2001070731
-319982248
1681088483
1361106235
-1252772578
108333657
-1144438921
-1036105264
2114423111
1078317847
-1102226338
-23908491
-1126134829
-1150043320
2018789147
868745827
-1407432322
-538686495
-1946118817
1810161984
-135956833
1674205151
1538248318
-1082513827
455734491
-626779336
-171044845
-797824181
-968869026
-1766693207
1559405063
-207288144
1352116919
1144828775
-1798021602
-653192827
1843752867
1190560040
-1260654389
-70094349
-1330748738
-1400843087
1563375471
162532384
1725907855
1888440239
-680619202
1207821037
527201835
1735022872
-2032742589
-297719717
1964504990
1666785273
-663677033
1003108240
339431207
1342539447
1681970654
-1270457195
411513459
-858943736
-447430277
-1306374013
-1753804290
1234788993
-519015297
715773696
196758399
912532095
1109290494
2021822589
-1163854213
857968376
-305885837
552082539
246196702
798279241
1044475943
1842755184
-1407736169
435019015
-972717154
-537698139
-1510415293
-2048113432
736438571
-1311674861
-575236290
-1886911151
1832819855
-54091296
1778728559
1724637263
-791601474
933035789
141434315
1074470104
1215904419
-2004592773
-788688354
1501686169
712997815
-2080283312
-1367285497
847398487
-519887010
327511477
-192375533
135135944
-57239589
77896355
20656766
98553121
119209887
217763008
336972895
554735903
891708798
1446444701
-1956813797
-510369096
1827784403
1317415307
-1149767586
167647721
-1
-1
-2
-3
-5
-8
-13
-21
-34
-55
-89
-144
-233
-377
-610
-987
-1597
-2584
-4181
-6765
-10946
-17711
-28657
-46368
-75025
-121393
-196418
-317811
-514229
-832040
-1346269
-2178309
-3524578
-5702887
-9227465
-14930352
-24157817
-39088169
-63245986
-102334155
-165580141
-267914296
-433494437
-701408733
-1134903170
-1836311903
1323752223
-512559680
811192543
298632863
1109825406
1408458269
-1776683621
-368225352
-2144908973
1781832971
-363076002
1418756969
1055680967
-1820529360
-764848393
1709589543
944741150
-1640636603
-695895453
1958435240
1262539787
-1073992269
188547518
-885444751
-696897233
-1582341984
2015728079
433386095
-1845853122
-1412467027
1036647147
-375819880
660827267
285007387
945834654
1230842041
-2118290601
-887448560
1289228135
401779575
1691007710
2092787285
-511172301
1581614984
1070442683
-1642909629
-572466946
2079590721
1507123775
-708252800
798870975
90618175
889489150
980107325
1869596475
-1445263496
424332979
-1020930517
-596597538
-1617528055
2080841703
463313648
-1750811945
-1287498297
1256657054
-30841243
1225815811
1194974568
-1874176917
-679202349
1741588030
1062385681
-1490993585
-428607904
-1919601489
1946757903
27156414
1973914317
2001070731
-319982248
1681088483
1361106235
-1252772578
108333657
-1144438921
-1036105264
2114423111
1078317847
-1102226338
-23908491
-1126134829
-1150043320
2018789147
868745827
-1407432322
-538686495
-1946118817
1810161984
-135956833
1674205151
1538248318
-1082513827
455734491
-626779336
-171044845
-797824181
-968869026
-1766693207
1559405063
-207288144
1352116919
1144828775
-1798021602
-653192827
1843752867
1190560040
-1260654389
-70094349
-1330748738
-1400843087
1563375471
162532384
1725907855
1888440239
-680619202
1207821037
527201835
1735022872
-2032742589
-297719717
1964504990
1666785273
-663677033
1003108240
339431207
1342539447
1681970654
-1270457195
411513459
-858943736
-447430277
-1306374013
-1753804290
1234788993
-519015297
715773696
196758399
912532095
1109290494
2021822589
-1163854213
857968376
-305885837
552082539
246196702
798279241
1044475943
1842755184
-1407736169
435019015
-972717154
-537698139
-1510415293
-2048113432
736438571
-1311674861
-575236290
-1886911151
1832819855
-54091296
1778728559
1724637263
-791601474
933035789
141434315
1074470104
1215904419
-2004592773
-788688354
1501686169
712997815
-2080283312
-1367285497
847398487
-519887010
327511477
-192375533
135135944
-57239589
77896355
20656766
98553121
119209887
217763008
336972895
554735903
891708798
1446444701
-1956813797
-510369096
1827784403
1317415307
-1149767586
167647721
-1
-1
-2
-3
-5
-8
-13
-21
-34
-55
-89
-144
-233
-377
-610
-987
-1597
-2584
-4181
-6765
-10946
-17711
-28657
-46368
-75025
-121393
-196418
-317811
-514229
-832040
-1346269
-2178309
-3524578
-5702887
-9227465
-14930352
-24157817
-39088169
-63245986
-102334155
-165580141
-267914296
-433494437
-701408733
-1134903170
-1836311903
1323752223
-512559680
811192543
298632863
1109825406
1408458269
-1776683621
-368225352
-2144908973
1781832971
-363076002
1418756969
1055680967
-1820529360
-764848393
1709589543
944741150
-1640636603
-695895453
1958435240
1262539787
-1073992269
188547518
-885444751
-696897233
-1582341984
2015728079
433386095
-1845853122
-1412467027
1036647147
-375819880
660827267
285007387
945834654
1230842041
-2118290601
-887448560
1289228135
401779575
1691007710
2092787285
-511172301
1581614984
1070442683
-1642909629
-572466946
2079590721
1507123775
-708252800
798870975
90618175
889489150
980107325
1869596475
-1445263496
424332979
-1020930517
-596597538
-1617528055
2080841703
463313648
-1750811945
-1287498297
1256657054
-30841243
1225815811
1194974568
-1874176917
-679202349
1741588030
1062385681
-1490993585
-428607904
-1919601489
1946757903
27156414
1973914317
2001070731
-319982248
1681088483
1361106235
-1252772578
108333657
-1144438921
-1036105264
2114423111
1078317847
-1102226338
-23908491
-1126134829
-1150043320
2018789147
868745827
-1407432322
-538686495
-1946118817
1810161984
-135956833
1674205151
1538248318
-1082513827
455734491
-626779336
-171044845
-797824181
-968869026
-1766693207
1559405063
-207288144
1352116919
1144828775
-1798021602
-653192827
1843752867
1190560040
-1260654389
-70094349
-1330748738
-1400843087
1563375471
162532384
1725907855
1888440239
-680619202
1207821037
527201835
1735022872
-2032742589
-297719717
1964504990
1666785273
-663677033
1003108240
339431207
1342539447
1681970654
-1270457195
411513459
-858943736
-447430277
-1306374013
-1753804290
1234788993
-519015297
715773696
196758399
912532095
1109290494
2021822589
-1163854213
857968376
-305885837
552082539
246196702
798279241
1044475943
1842755184
-1407736169
435019015
-972717154
-537698139
-1510415293
-2048113432
736438571
-1311674861
-575236290
-1886911151
1832819855
-54091296
1778728559
1724637263
-791601474
933035789
141434315
1074470104
1215904419
-2004592773
-788688354
1501686169
712997815
-2080283312
-1367285497
847398487
-519887010
327511477
-192375533
135135944
-57239589
77896355
20656766
98553121
119209887
217763008
336972895
554735903
891708798
1446444701
-1956813797
-510369096
1827784403
1317415307
-1149767586
167647721
-1
-1
-2
-3
-5
-8
-13
-21
-34
-55
-89
-144
-233
-377
-610
-987
-1597
-2584
-4181
-6765
-10946
-17711
-28657
-46368
-75025
-121393
-196418
-317811
-514229
-832040
-1346269
-2178309
-3524578
-5702887
-9227465
-14930352
-24157817
-39088169
-63245986
-102334155
-165580141
-267914296
-433494437
-701408733
-1134903170
-1836311903
1323752223
-512559680
811192543
298632863
1109825406
1408458269
-1776683621
-368225352
-2144908973
1781832971
-363076002
1418756969
1055680967
-1820529360
-764848393
1709589543
944741150
-1640636603
-695895453
1958435240
1262539787
-1073992269
188547518
-885444751
-696897233
-1582341984
2015728079
433386095
-1845853122
-1412467027
1036647147
-375819880
660827267
285007387
945834654
1230842041
-2118290601
-887448560
1289228135
401779575
1691007710
2092787285
-511172301
1581614984
1070442683
-1642909629
-572466946
2079590721
1507123775
-708252800
798870975
90618175
889489150
980107325
1869596475
-1445263496
424332979
-1020930517
-596597538
-1617528055
2080841703
463313648
-1750811945
-1287498297
1256657054
-30841243
1225815811
1194974568
-1874176917
-679202349
1741588030
1062385681
-1490993585
-428607904
-1919601489
1946757903
27156414
1973914317
2001070731
-319982248
1681088483
1361106235
-1252772578
108333657
-1144438921
-1036105264
2114423111
1078317847
-1102226338
-23908491
-1126134829
-1150043320
2018789147
868745827
-1407432322
-538686495
-1946118817
1810161984
-135956833
1674205151
1538248318
-1082513827
455734491
-626779336
-171044845
-797824181
-968869026
-1766693207
1559405063
-207288144
1352116919
1144828775
-1798021602
-653192827
1843752867
1190560040
-1260654389
-70094349
-1330748738
-1400843087
1563375471
162532384
1725907855
1888440239
-680619202
1207821037
527201835
1735022872
-2032742589
-297719717
1964504990
1666785273
-663677033
1003108240
339431207
1342539447
1681970654
-1270457195
411513459
-858943736
-447430277
-1306374013
-1753804290
1234788993
-519015297
715773696
196758399
912532095
1109290494
2021822589
-1163854213
857968376
-305885837
552082539
246196702
798279241
1044475943
1842755184
-1407736169
435019015
-972717154
-537698139
-1510415293
-2048113432
736438571
-1311674861
-575236290
-1886911151
1832819855
-54091296
1778728559
1724637263
-791601474
933035789
141434315
1074470104
1215904419
-2004592773
-788688354
1501686169
712997815
-2080283312
-1367285497
847398487
-519887010
327511477
-192375533
135135944
-57239589
77896355
20656766
98553121
119209887
217763008
336972895
554735903
891708798
1446444701
-1956813797
-510369096
1827784403
1317415307
-1149767586
167647721
-1
-1
-2
-3
-5
-8
-13
-21
-34
-55
-89
-144
-233
-377
-610
-987
-1597
-2584
-4181
-6765
-10946
-17711
-28657
-46368
-75025
-121393
-196418
-317811
-514229
-832040
-1346269
-2178309
-3524578
-5702887
-9227465
-14930352
-24157817
-39088169
-63245986
-102334155
-165580141
-267914296
-433494437
-701408733
-1134903170
-1836311903
1323752223
-512559680
811192543
298632863
1109825406
1408458269
-1776683621
-368225352
-2144908973
1781832971
-363076002
1418756969
1055680967
-1820529360
-764848393
1709589543
944741150
-1640636603
-695895453
1958435240
1262539787
-1073992269
188547518
-885444751
-696897233
-1582341984
2015728079
433386095
-1845853122
-1412467027
1036647147
-375819880
660827267
285007387
945834654
1230842041
-2118290601
-887448560
1289228135
401779575
1691007710
2092787285
-511172301
1581614984
1070442683
-1642909629
-572466946
2079590721
1507123775
-708252800
798870975
90618175
889489150
980107325
1869596475
-1445263496
424332979
-1020930517
-596597538
-1617528055
2080841703
463313648
-1750811945
-1287498297
1256657054
-30841243
1225815811
1194974568
-1874176917
-679202349
1741588030
1062385681
-1490993585
-428607904
-1919601489
1946757903
27156414
1973914317
2001070731
-319982248
1681088483
1361106235
-1252772578
108333657
-1144438921
-1036105264
2114423111
1078317847
-1102226338
-23908491
-1126134829
-1150043320
2018789147
868745827
-1407432322
-538686495
-1946118817
1810161984
-135956833
1674205151
1538248318
-1082513827
455734491
-626779336
-171044845
-797824181
-968869026
-1766693207
1559405063
-207288144
1352116919
1144828775
-1798021602
-653192827
1843752867
1190560040
-1260654389
-70094349
-1330748738
-1400843087
1563375471
162532384
1725907855
1888440239
-680619202
1207821037
527201835
1735022872
-2032742589
-297719717
1964504990
1666785273
-663677033
1003108240
339431207
1342539447
1681970654
-1270457195
411513459
-858943736
-447430277
-1306374013
-1753804290
1234788993
-519015297
715773696
196758399
912532095
1109290494
2021822589
-1163854213
857968376
-305885837
552082539
246196702
798279241
1044475943
1842755184
-1407736169
435019015
-972717154
-537698139
-1510415293
-2048113432
736438571
-1311674861
-575236290
-1886911151
1832819855
-54091296
1778728559
1724637263
-791601474
933035789
141434315
1074470104
1215904419
-2004592773
-788688354
1501686169
712997815
-2080283312
-1367285497
847398487
-519887010
327511477
-192375533
135135944
-57239589
77896355
20656766
98553121
119209887
217763008
336972895
554735903
891708798
1446444701
-1956813797
-510369096
1827784403
1317415307
-1149767586
167647721
-1
-1
-2
-3
-5
-8
-13
-21
-34
-55
-89
-144
-233
-377
-610
-987
-1597
-2584
-4181
-6765
-10946
-17711
-28657
-46368
-75025
-121393
-196418
-317811
-514229
-832040
-1346269
-2178309
-3524578
-5702887
-9227465
-14930352
-24157817
-39088169
-63245986
-102334155
-165580141
-267914296
-433494437
-701408733
-1134903170
-1836311903
1323752223
-512559680
811192543
298632863
1109825406
1408458269
-1776683621
-368225352
-2144908973
1781832971
-363076002
1418756969
1055680967
-1820529360
-764848393
1709589543
944741150
-1640636603
-695895453
1958435240
1262539787
-1073992269
188547518
-885444751
-696897233
-1582341984
2015728079
433386095
-1845853122
-1412467027
1036647147
-375819880
660827267
285007387
945834654
1230842041
-2118290601
-887448560
1289228135
401779575
1691007710
2092787285
-511172301
1581614984
1070442683
-1642909629
-572466946
2079590721
1507123775
-708252800
798870975
90618175
889489150
980107325
1869596475
-1445263496
424332979
-1020930517
-596597538
-1617528055
2080841703
463313648
-1750811945
-1287498297
1256657054
-30841243
1225815811
1194974568
-1874176917
-679202349
1741588030
1062385681
-1490993585
-428607904
-1919601489
1946757903
27156414
1973914317
2001070731
-319982248
1681088483
1361106235
-1252772578
108333657
-1144438921
-1036105264
2114423111
1078317847
-1102226338
-23908491
-1126134829
-1150043320
2018789147
868745827
-1407432322
-538686495
-1946118817
1810161984
-135956833
1674205151
1538248318
-1082513827
455734491
-626779336
-171044845
-797824181
-968869026
-1766693207
1559405063
-207288144
1352116919
1144828775
-1798021602
-653192827
1843752867
1190560040
-1260654389
-70094349
-1330748738
-1400843087
1563375471
162532384
1725907855
1888440239
-680619202
1207821037
527201835
1735022872
-2032742589
-297719717
1964504990
1666785273
-663677033
1003108240
339431207
1342539447
1681970654
-1270457195
411513459
-858943736
-447430277
-1306374013
-1753804290
1234788993
-519015297
715773696
196758399
912532095
1109290494
2021822589
-1163854213
857968376
-305885837
552082539
246196702
798279241
1044475943
1842755184
-1407736169
435019015
-972717154
-537698139
-1510415293
-2048113432
736438571
-1311674861
-575236290
-1886911151
1832819855
-54091296
1778728559
1724637263
-791601474
933035789
141434315
1074470104
1215904419
-2004592773
-788688354
1501686169
712997815
-2080283312
-1367285497
847398487
-519887010
327511477
-192375533
135135944
-57239589
77896355
20656766
98553121
119209887
217763008
336972895
554735903
891708798
1446444701
-1956813797
-510369096
1827784403
1317415307
-1149767586
167647721
-1
-1
-2
-3
-5
-8
-13
-21
-34
-55
-89
-144
-233
-377
-610
-987
-1597
-2584
-4181
-6765
-10946
-17711
-28657
-46368
-75025
-121393
-196418
-317811
-514229
-832040
-1346269
-2178309
-3524578
-5702887
-9227465
-14930352
-24157817
-39088169
-63245986
-102334155
-165580141
-267914296
-433494437
-701408733
-1134903170
-1836311903
1323752223
-512559680
811192543
298632863
1109825406
1408458269
-1776683621
-368225352
-2144908973
1781832971
-363076002
1418756969
1055680967
-1820529360
-764848393
1709589543
944741150
-1640636603
-695895453
1958435240
1262539787
-1073992269
188547518
-885444751
-696897233
-1582341984
2015728079
433386095
-1845853122
-1412467027
1036647147
-375819880
660827267
285007387
945834654
1230842041
-2118290601
-887448560
1289228135
401779575
1691007710
2092787285
-511172301
1581614984
1070442683
-1642909629
-572466946
2079590721
1507123775
-708252800
798870975
90618175
889489150
980107325
1869596475
-1445263496
424332979
-1020930517
-596597538
-1617528055
2080841703
463313648
-1750811945
-1287498297
1256657054
-30841243
1225815811
1194974568
-1874176917
-679202349
1741588030
1062385681
-1490993585
-428607904
-1919601489
1946757903
27156414
1973914317
2001070731
-319982248
1681088483
1361106235
-1252772578
108333657
-1144438921
-1036105264
2114423111
1078317847
-1102226338
-23908491
-1126134829
-1150043320
2018789147
868745827
-1407432322
-538686495
-1946118817
1810161984
-135956833
1674205151
1538248318
-1082513827
455734491
-626779336
-171044845
-797824181
-968869026
-1766693207
1559405063
-207288144
1352116919
1144828775
-1798021602
-653192827
1843752867
1190560040
-1260654389
-70094349
-1330748738
-1400843087
1563375471
162532384
1725907855
1888440239
-680619202
1207821037
527201835
1735022872
-2032742589
-297719717
1964504990
1666785273
-663677033
1003108240
339431207
1342539447
1681970654
-1270457195
411513459
-858943736
-447430277
-1306374013
-1753804290
1234788993
-519015297
715773696
196758399
912532095
1109290494
2021822589
-1163854213
857968376
-305885837
552082539
246196702
798279241
1044475943
1842755184
-1407736169
435019015
-972717154
-537698139
-1510415293
-2048113432
736438571
-1311674861
-575236290
-1886911151
1832819855
-54091296
1778728559
1724637263
-791601474
933035789
141434315
1074470104
1215904419
-2004592773
-788688354
1501686169
712997815
-2080283312
-1367285497
847398487
-519887010
327511477
-192375533
135135944
-57239589
77896355
20656766
98553121
119209887
217763008
336972895
554735903
891708798
1446444701
-1956813797
-510369096
1827784403
1317415307
-1149767586
167647721
